1, 2
2, 1
2, 3
2, 4
3, 2
3, 4
3, 7
4, 2
4, 3
4, 7
5, 6
5, 8
5, 9
6, 5
6, 8
6, 9
6, 10
7, 3
7, 4
7, 11
8, 5
8, 6
8, 9
8, 12
9, 5
9, 6
9, 8
9, 10
9, 12
10, 6
10, 9
10, 13
11, 7
12, 8
12, 9
13, 10
13, 14
13, 16
14, 13
14, 16
16, 13
16, 14
16, 18
16, 19
17, 20
18, 16
18, 21
19, 16
19, 21
19, 22
20, 17
20, 23
21, 18
21, 19
21, 22
21, 26
22, 19
22, 21
22, 26
23, 20
23, 27
24, 25
24, 29
25, 24
25, 29
26, 21
26, 22
26, 30
27, 23
27, 28
27, 31
28, 27
28, 31
28, 32
29, 24
29, 25
29, 33
29, 36
30, 26
30, 33
30, 34
30, 35
31, 27
31, 28
31, 32
31, 37
32, 28
32, 31
32, 37
32, 38
33, 29
33, 30
33, 34
33, 39
34, 30
34, 33
34, 35
34, 39
35, 30
35, 34
35, 39
36, 29
36, 38
37, 31
37, 32
38, 32
38, 36
38, 40
39, 33
39, 34
39, 35
39, 42
39, 43
40, 38
40, 41
41, 40
41, 44
42, 39
42, 43
42, 44
42, 45
42, 46
43, 39
43, 42
43, 45
43, 46
43, 47
44, 41
44, 42
44, 45
44, 48
44, 49
44, 52
45, 42
45, 43
45, 44
45, 46
45, 48
45, 49
46, 42
46, 43
46, 45
46, 47
46, 49
46, 53
47, 43
47, 46
47, 50
47, 53
48, 44
48, 45
48, 49
48, 52
48, 58
49, 44
49, 45
49, 46
49, 48
50, 47
50, 53
50, 56
50, 57
51, 52
51, 55
51, 58
52, 44
52, 48
52, 51
52, 55
52, 58
53, 46
53, 47
53, 50
53, 56
53, 57
54, 65
54, 66
55, 51
55, 52
55, 58
55, 59
55, 60
55, 67
56, 50
56, 53
56, 57
56, 61
56, 62
57, 50
57, 53
57, 56
57, 62
58, 48
58, 51
58, 52
58, 55
58, 60
58, 67
59, 55
59, 66
59, 67
59, 74
59, 88
60, 55
60, 58
60, 67
60, 69
61, 56
61, 62
61, 68
61, 70
61, 89
61, 90
62, 56
62, 57
62, 61
62, 70
62, 90
63, 64
63, 83
63, 84
63, 85
64, 63
64, 65
64, 84
64, 85
64, 86
65, 54
65, 64
65, 85
65, 86
65, 87
66, 54
66, 59
66, 74
66, 87
66, 88
67, 55
67, 58
67, 59
67, 60
67, 88
68, 61
68, 69
68, 89
68, 90
69, 60
69, 68
69, 89
69, 112
69, 113
69, 114
70, 61
70, 62
70, 90
70, 115
71, 72
71, 82
71, 100
71, 101
71, 102
72, 71
72, 73
72, 101
72, 102
72, 103
73, 72
73, 102
73, 103
73, 104
74, 59
74, 66
74, 87
74, 88
74, 109
74, 110
74, 111
75, 76
75, 93
75, 94
75, 95
76, 75
76, 77
76, 94
76, 95
76, 96
77, 76
77, 78
77, 91
77, 95
77, 96
78, 77
78, 79
78, 91
78, 96
78, 97
79, 78
79, 80
79, 91
79, 97
79, 98
80, 79
80, 81
80, 97
80, 98
80, 99
81, 80
81, 82
81, 98
81, 99
81, 100
82, 71
82, 81
82, 99
82, 100
82, 101
83, 63
83, 84
83, 104
83, 105
83, 106
84, 63
84, 64
84, 83
84, 85
84, 105
84, 106
84, 107
85, 63
85, 64
85, 65
85, 84
85, 86
85, 106
85, 107
85, 108
86, 64
86, 65
86, 85
86, 87
86, 107
86, 108
86, 109
87, 65
87, 66
87, 74
87, 86
87, 108
87, 109
87, 110
88, 59
88, 66
88, 67
88, 74
88, 110
88, 111
89, 61
89, 68
89, 69
89, 90
89, 113
89, 114
89, 115
90, 61
90, 62
90, 68
90, 70
90, 89
90, 114
90, 115
91, 77
91, 78
91, 79
91, 96
91, 97
91, 122
91, 123
91, 124
92, 93
92, 118
92, 119
93, 75
93, 92
93, 94
93, 118
93, 119
93, 120
94, 75
94, 76
94, 93
94, 95
94, 119
94, 120
94, 121
95, 75
95, 76
95, 77
95, 94
95, 96
95, 120
95, 121
95, 122
96, 76
96, 77
96, 78
96, 91
96, 95
96, 121
96, 122
96, 123
97, 78
97, 79
97, 80
97, 91
97, 98
97, 123
97, 124
97, 125
98, 79
98, 80
98, 81
98, 97
98, 99
98, 124
98, 125
98, 126
99, 80
99, 81
99, 82
99, 98
99, 100
99, 125
99, 126
99, 127
100, 71
100, 81
100, 82
100, 99
100, 101
100, 126
100, 127
100, 128
101, 71
101, 72
101, 82
101, 100
101, 102
101, 127
101, 128
101, 129
102, 71
102, 72
102, 73
102, 101
102, 103
102, 128
102, 129
102, 130
103, 72
103, 73
103, 102
103, 104
103, 117
103, 129
103, 130
104, 73
104, 83
104, 103
104, 105
104, 117
104, 130
104, 131
105, 83
105, 84
105, 104
105, 106
105, 117
105, 131
105, 132
106, 83
106, 84
106, 85
106, 105
106, 107
106, 131
106, 132
106, 133
107, 84
107, 85
107, 86
107, 106
107, 108
107, 132
107, 133
107, 134
108, 85
108, 86
108, 87
108, 107
108, 109
108, 133
108, 134
109, 74
109, 86
109, 87
109, 108
109, 110
109, 134
109, 135
110, 74
110, 87
110, 88
110, 109
110, 111
110, 116
110, 135
111, 74
111, 88
111, 110
111, 116
111, 135
112, 69
112, 113
112, 136
113, 69
113, 89
113, 112
113, 114
113, 136
113, 137
114, 69
114, 89
114, 90
114, 113
114, 115
114, 136
114, 137
114, 138
115, 70
115, 89
115, 90
115, 114
115, 137
115, 138
116, 110
116, 111
116, 135
116, 150
116, 151
116, 157
117, 103
117, 104
117, 105
117, 130
117, 131
117, 143
117, 144
117, 145
118, 92
118, 93
118, 119
118, 153
118, 154
119, 92
119, 93
119, 94
119, 118
119, 120
119, 139
119, 153
119, 154
120, 93
120, 94
120, 95
120, 119
120, 121
120, 139
120, 140
120, 154
121, 94
121, 95
121, 96
121, 120
121, 122
121, 139
121, 140
122, 91
122, 95
122, 96
122, 121
122, 123
122, 140
123, 91
123, 96
123, 97
123, 122
123, 124
124, 91
124, 97
124, 98
124, 123
124, 125
125, 97
125, 98
125, 99
125, 124
125, 126
125, 155
126, 98
126, 99
126, 100
126, 125
126, 127
126, 155
126, 156
127, 99
127, 100
127, 101
127, 126
127, 128
127, 141
127, 155
127, 156
128, 100
128, 101
128, 102
128, 127
128, 129
128, 141
128, 142
128, 156
129, 101
129, 102
129, 103
129, 128
129, 130
129, 141
129, 142
129, 143
130, 102
130, 103
130, 104
130, 117
130, 129
130, 142
130, 143
130, 144
131, 104
131, 105
131, 106
131, 117
131, 132
131, 144
131, 145
131, 146
132, 105
132, 106
132, 107
132, 131
132, 133
132, 145
132, 146
132, 147
133, 106
133, 107
133, 108
133, 132
133, 134
133, 146
133, 147
133, 148
134, 107
134, 108
134, 109
134, 133
134, 147
134, 148
134, 149
135, 109
135, 110
135, 111
135, 116
135, 149
135, 150
135, 151
136, 112
136, 113
136, 114
136, 137
136, 152
137, 113
137, 114
137, 115
137, 136
137, 138
137, 152
138, 114
138, 115
138, 137
139, 119
139, 120
139, 121
139, 140
139, 154
140, 120
140, 121
140, 122
140, 139
141, 127
141, 128
141, 129
141, 142
141, 156
141, 160
141, 161
142, 128
142, 129
142, 130
142, 141
142, 143
142, 161
142, 162
143, 117
143, 129
143, 130
143, 142
143, 144
143, 161
143, 162
143, 163
144, 117
144, 130
144, 131
144, 143
144, 145
144, 162
144, 163
144, 164
145, 117
145, 131
145, 132
145, 144
145, 146
145, 163
145, 164
145, 165
146, 131
146, 132
146, 133
146, 145
146, 147
146, 164
146, 165
146, 166
147, 132
147, 133
147, 134
147, 146
147, 148
147, 165
147, 166
147, 167
148, 133
148, 134
148, 147
148, 149
148, 166
148, 167
149, 134
149, 135
149, 148
149, 150
149, 159
149, 167
150, 116
150, 135
150, 149
150, 151
150, 159
150, 168
151, 116
151, 135
151, 150
151, 157
151, 158
151, 159
151, 168
152, 136
152, 137
152, 169
153, 118
153, 119
153, 154
154, 118
154, 119
154, 120
154, 139
154, 153
155, 125
155, 126
155, 127
155, 156
155, 160
156, 126
156, 127
156, 128
156, 141
156, 155
156, 160
157, 116
157, 151
157, 158
157, 168
157, 169
158, 151
158, 157
158, 168
158, 169
158, 170
158, 177
159, 149
159, 150
159, 151
159, 168
159, 175
159, 176
159, 177
160, 141
160, 155
160, 156
161, 141
161, 142
161, 143
161, 162
161, 171
161, 172
162, 142
162, 143
162, 144
162, 161
162, 163
162, 171
162, 172
162, 173
163, 143
163, 144
163, 145
163, 162
163, 164
163, 172
163, 173
164, 144
164, 145
164, 146
164, 163
164, 165
164, 173
165, 145
165, 146
165, 147
165, 164
165, 166
165, 174
166, 146
166, 147
166, 148
166, 165
166, 167
166, 174
167, 147
167, 148
167, 149
167, 166
167, 174
167, 175
168, 150
168, 151
168, 157
168, 158
168, 159
168, 170
168, 176
168, 177
169, 152
169, 157
169, 158
169, 170
169, 178
170, 158
170, 168
170, 169
170, 177
170, 184
170, 186
171, 161
171, 162
171, 172
171, 179
171, 180
172, 161
172, 162
172, 163
172, 171
172, 173
172, 179
172, 180
173, 162
173, 163
173, 164
173, 172
173, 180
174, 165
174, 166
174, 167
174, 181
175, 159
175, 167
175, 176
175, 182
175, 183
176, 159
176, 168
176, 175
176, 177
176, 182
176, 183
177, 158
177, 159
177, 168
177, 170
177, 176
177, 183
177, 186
178, 169
178, 184
178, 185
179, 171
179, 172
179, 180
179, 191
180, 171
180, 172
180, 173
180, 179
180, 187
180, 191
181, 174
181, 188
181, 193
182, 175
182, 176
182, 183
182, 194
182, 195
183, 175
183, 176
183, 177
183, 182
183, 194
183, 195
183, 196
184, 170
184, 178
184, 185
184, 186
184, 189
184, 197
184, 198
185, 178
185, 184
185, 189
185, 198
185, 199
186, 170
186, 177
186, 184
186, 189
186, 196
186, 197
187, 180
187, 191
187, 192
187, 203
187, 204
188, 181
188, 192
188, 193
188, 204
188, 205
188, 206
189, 184
189, 185
189, 186
189, 197
189, 198
189, 210
189, 211
190, 200
191, 179
191, 180
191, 187
191, 202
191, 203
192, 187
192, 188
192, 203
192, 204
192, 205
193, 181
193, 188
193, 205
193, 206
193, 207
194, 182
194, 183
194, 195
194, 207
194, 208
195, 182
195, 183
195, 194
195, 196
195, 208
195, 209
196, 183
196, 186
196, 195
196, 197
196, 208
196, 209
197, 184
197, 186
197, 189
197, 196
197, 209
197, 210
198, 184
198, 185
198, 189
198, 199
198, 210
198, 211
199, 185
199, 198
199, 211
200, 190
200, 213
200, 214
201, 202
201, 214
201, 215
201, 216
202, 191
202, 201
202, 215
202, 216
203, 187
203, 191
203, 192
203, 204
203, 217
203, 218
204, 187
204, 188
204, 192
204, 203
204, 205
204, 217
204, 218
204, 219
205, 188
205, 192
205, 193
205, 204
205, 206
205, 218
205, 219
205, 220
206, 188
206, 193
206, 205
206, 207
206, 219
206, 220
206, 221
207, 193
207, 194
207, 206
207, 220
207, 221
207, 222
208, 194
208, 195
208, 196
208, 209
208, 222
208, 223
208, 224
209, 195
209, 196
209, 197
209, 208
209, 223
209, 224
210, 189
210, 197
210, 198
210, 211
210, 225
210, 226
211, 189
211, 198
211, 199
211, 210
211, 225
211, 226
212, 213
212, 227
213, 200
213, 212
213, 227
214, 200
214, 201
214, 215
214, 228
214, 229
215, 201
215, 202
215, 214
215, 216
215, 228
215, 229
216, 201
216, 202
216, 215
216, 229
216, 230
217, 203
217, 204
217, 218
217, 230
217, 231
218, 203
218, 204
218, 205
218, 217
218, 219
218, 231
218, 232
219, 204
219, 205
219, 206
219, 218
219, 220
219, 231
219, 232
219, 233
220, 205
220, 206
220, 207
220, 219
220, 221
220, 232
220, 233
220, 234
221, 206
221, 207
221, 220
221, 222
221, 233
221, 234
221, 235
222, 207
222, 208
222, 221
222, 223
222, 234
222, 235
222, 236
223, 208
223, 209
223, 222
223, 224
223, 235
223, 236
223, 237
224, 208
224, 209
224, 223
224, 236
224, 237
225, 210
225, 211
225, 226
226, 210
226, 211
226, 225
227, 212
227, 213
227, 238
228, 214
228, 215
228, 229
228, 239
229, 214
229, 215
229, 216
229, 228
229, 239
230, 216
230, 217
230, 240
230, 241
231, 217
231, 218
231, 219
231, 232
231, 241
231, 242
231, 243
232, 218
232, 219
232, 220
232, 231
232, 233
232, 242
232, 243
232, 247
233, 219
233, 220
233, 221
233, 232
233, 234
233, 243
233, 244
233, 247
234, 220
234, 221
234, 222
234, 233
234, 235
234, 244
234, 245
234, 247
235, 221
235, 222
235, 223
235, 234
235, 236
235, 244
235, 245
235, 246
236, 222
236, 223
236, 224
236, 235
236, 237
236, 245
236, 246
237, 223
237, 224
237, 236
237, 246
238, 227
238, 248
238, 249
238, 250
239, 228
239, 229
239, 251
239, 252
240, 230
240, 241
240, 253
240, 254
240, 255
241, 230
241, 231
241, 240
241, 242
241, 254
241, 255
241, 256
242, 231
242, 232
242, 241
242, 243
242, 255
242, 256
242, 257
243, 231
243, 232
243, 233
243, 242
243, 247
243, 256
243, 257
243, 258
244, 233
244, 234
244, 235
244, 245
244, 247
244, 258
244, 259
244, 260
245, 234
245, 235
245, 236
245, 244
245, 246
245, 259
245, 260
245, 261
246, 235
246, 236
246, 237
246, 245
246, 260
246, 261
247, 232
247, 233
247, 234
247, 243
247, 244
247, 257
247, 258
247, 259
248, 238
248, 249
248, 263
248, 264
249, 238
249, 248
249, 250
249, 264
249, 265
250, 238
250, 249
250, 264
250, 265
250, 277
251, 239
251, 252
251, 266
251, 267
251, 277
252, 239
252, 251
252, 253
252, 266
252, 267
252, 268
253, 240
253, 252
253, 254
253, 267
253, 268
253, 269
254, 240
254, 241
254, 253
254, 255
254, 268
254, 269
254, 270
255, 240
255, 241
255, 242
255, 254
255, 256
255, 269
255, 270
255, 271
256, 241
256, 242
256, 243
256, 255
256, 257
256, 270
256, 271
256, 272
257, 242
257, 243
257, 247
257, 256
257, 258
257, 271
257, 272
257, 273
258, 243
258, 244
258, 247
258, 257
258, 259
258, 272
258, 273
258, 274
259, 244
259, 245
259, 247
259, 258
259, 260
259, 273
259, 274
259, 275
260, 244
260, 245
260, 246
260, 259
260, 261
260, 274
260, 275
260, 276
261, 245
261, 246
261, 260
261, 275
261, 276
262, 263
263, 248
263, 262
264, 248
264, 249
264, 250
264, 265
265, 249
265, 250
265, 264
265, 277
266, 251
266, 252
266, 267
266, 277
267, 251
267, 252
267, 253
267, 266
267, 268
268, 252
268, 253
268, 254
268, 267
268, 269
269, 253
269, 254
269, 255
269, 268
269, 270
270, 254
270, 255
270, 256
270, 269
270, 271
271, 255
271, 256
271, 257
271, 270
271, 272
272, 256
272, 257
272, 258
272, 271
272, 273
273, 257
273, 258
273, 259
273, 272
273, 274
274, 258
274, 259
274, 260
274, 273
274, 275
275, 259
275, 260
275, 261
275, 274
275, 276
276, 260
276, 261
276, 275
277, 250
277, 251
277, 265
277, 266
